$ANSIBLE_VAULT;1.1;AES256
62383331646636613830363933303034313930373864656366306233643436363864326136303937
3261363531623833363962633536383037333137323762300a316238323938356562396337623135
34656263333864303833386437623565356162323439323039623832623466613035393231383262
3364353734316535340a373065666662386538306430303263623531396363366438393865313639
39656363343939363262366661663062313463343465646534393162646139336561666133633738
33653362333863303361333239643036613031643136616466323264643266613936623839383738
34336430353534363030613264386134373662356236323636363333633839363635343336373364
30396364343434396538643631633237323638313266393337366163663130613161666565663531
61643535336332396361323937376233323338666338333965643765363861613138303134333633
62626235313534316364333162336561313539613266366166656361663239393033323031353738
30396164636533633433316535616632303332633536313261636432663932666338663361353338
37303438623564656463393432383565316332663430663365383035626466623131393438363130
3965
