$ANSIBLE_VAULT;1.1;AES256
36366430393664373536663137373837326632393363666336653365323562353338663131343463
3332303436346231353134346138333835663832376131640a373934363064303831616462633235
61653362313934393736656531393030623035306662616566663363323033346236613333303333
6134653462623734340a326231613235663363393864633566323636373330623135613037633133
66616131343034633265646132376533653230376231343566333463333138313037333565633463
39303537396230366565343563356430363233333238643333653463643134396564653131363236
35626634306335633262376334323061613536316130306431656237316537353266343137323065
38656134666531633330393264356362373335633332643936323137303837353831623136316261
65366638356338346564313337666564646262313330336438643437373239663637633862346131
63353164303661343532366539616365383535376561343638613130356530313265306533313034
63323430363239653131376130363030396233663936353863316464336666373139393235666666
30333730366638633461
