$ANSIBLE_VAULT;1.1;AES256
66626434333965323930306439353635616438373034643261316538613362653539653266383939
3464383531353439303465326437366334616465386537640a623463336661613439393365633833
32353863373433363237636463353539333138366139633932343765636233653130326161306364
3832343063313164360a643363643937386236373964633232313736323236313364643562623237
32626365643536363838363465353334313064663231316562613837376266626536326234336537
63653838373361306635316437663063623166393432613035346332323962363466633064383831
38613463323034386330653265306631396263386465393466656561303132653631636639653930
30663663616666633433366331346630366332383161373161353837383966326464646365333033
34643263333165653935383762366438616339323363346239396531366363643335386266623265
65656338376463303461666335376138363431656264333163643761313736663432623438643534
61306564666362316137663831623263373362336163393564663637656531616662313239323939
30336631326262636637623731346138333532323439386537386332373764663165663431663534
38333434653133376234363164636336626333343737346431646230306266616334
