$ANSIBLE_VAULT;1.1;AES256
65663139313432356136356134643039316336396138356464633134626632653533363931383137
3064323762666638376366623635353933373564343663660a333764346464656365373630663237
35333533323236616563373861346563626136633937623266313866313836623238383036353736
3133396338626466380a363735633036613538333662646230333833656239643536656262653261
34306237366637646366616234393365373737646461383537613832333462653662636639343937
32643264663664626439666365393363616166663937616436323566636463653966356639636531
34663130356664343332633433336632646564333432616262303664663638613437376664613264
36313337386565316433663065616565333831633035663266336337666166326363396433636161
30643862376537383939346438303934663130393534666430326331666132316239396463313339
61666633303161633337336435653630383630656266343662633438343661316334366261353333
37393132653335396430613537376235333435333934663465303635653533326234376434646663
61326537643266663539633637663561316663613566393931353361343738613637396232343738
33346131663833336136663764663263613036616638356432653566393630366365656234333934
36353865333431393164653565636564383937363437356135626461363938396561383961363134
32343331646461373164633031366462313935633733643535333864623936353533326561343335
64323130663538303062323136343235373765363838313666323137306638353866383162336539
31363563633164353733303830653431336564313935336639643534626461356664313932323838
38613435396434366632316132343337383930623633663638653930353435376564383035373539
37363136613961623835623937643730396163666437383234616330373463653632316530356137
34643039613931373564376362373230373139386165366530363336396661346433353037616166
30393836363434383961653463633664653736666630343066363938653631306137656165366438
31656134373438343339633135306437306361663937303831353238386163393739376636303163
30323836666366323839653366343564616539303966663437653334646164363464353865613338
37366662373962653337353262643934313463333138346166306135343830363065653933616631
38393965396631376561653632653366313132393166636561633561363666393235643566353364
31613235613335363331663339396563633761373837626636613132313532646630326632346266
33643561333935373436353036343665313138656532616161633931343766636435663062373866
32633365343039613266636132613562343463373637643039346363663235356239366536623937
33623834326530343462663934626164303732633262363531373663306530643434303662323062
30386262626661353866313433666362386636366362393530326164363138643032643564633234
30666133613462366466323066373234613532343732363339633339343534643831393839653933
30363737386238613536363132346138326563616362613765666365656131336233613739653366
6437
