$ANSIBLE_VAULT;1.1;AES256
38366231303963333436616431663533663337373065336365343438633439643064363837366663
6430663439346138363333613133343461323037646339640a643630303135333863643830613136
36396563393036623135303339656165326634623732303934656466333962333337396331613739
6163386164383261610a383736646530336466663233656165656338623936663564323936303163
35313765643964393933653237336233393839623031623136663232636230386339646162343939
38366463333766373936353331326531366465363763313830363662626235653263306466376366
37393661633635363766646562353731306238633232336234656136326462643335346336363861
62343161383932386262313938333162646263363330663338353664663665636634613466663832
34343161323063623733366363313630313831613233663130656463656331623464373163393639
66343663386665663664633561306662366436613635366664316135373666656430376232313436
33313237616630303935613263366664383630613630323539336630316665623535626634623937
37646339363737636566376439636364396635333331623033386438373837656566333731376666
66373434643961376634663735306531663664663765346638336337663132633964306562643336
31333235633030313162363539626338393165323862643961323835316263633030306230353666
63393661303462343538363632383861313662376136316631336230386663326631353039363638
38333164663361363263356261393139613732393739363064353737643762623234633365663036
31383636663237636165613434313164343165373264333230326164646337303535326432353138
36666136663164313434643336623332633265336462663163376465363436346135376236303230
62353533613139313935303731366135313566306138393234656463323764633635346636356139
39343138643533323262326335313166306261646265643263656135356566373730663561623964
66333234316465363333643066386337303365303563323734326663366631646336323934313964
35363264623561353739633766643362623330666262666332323432326361373432633538343534
64626365333931623131363230623363326430656461353431666337373266376237643037356330
66323135623831623862363962663963646536666665373263633662616535623730316432303961
38356265626431633866653933353631363239633530656361356365616533386634646536393435
30353738323239646233366565363235613632373936653634666666396335313330313937326361
35393262636133386630303036363566303061323337393831643831363861373130323136643232
63343065366537323766313034383162643431343066666535383131323563666131306563636430
35353366353236353930633163316164616635613966383434316134353034376330373133386665
37376564616666393137626363626634663237663135666637613262616663346432643531623530
64376430333361323062333236303438366266666631303535636563326466363332333734376632
62353032396664383838386539366333306634316563346163633937613532313237306265326166
34373834663830393232383362393135353430363339616264653638616433393734303533303161
37373763666130653435383961303336623630613064393931663632626365346433303038613939
33663835313438326161326562613332636266646532303930643532666263616264356461303234
34326639313665636232
