$ANSIBLE_VAULT;1.1;AES256
31643838663837393433333065393539313966663738356237336530363231326136326634653236
3238303535646163366332393666396630626161383239390a353964373735643137643162613565
37633434303336353933326137366333663266393331653935626332346433323565303036613638
6331353936386631390a353138616535333432363538616331383961663564633735346230386462
33306639613936653938366562376532356631343565386132613763313763326232343765363465
35396239643630623066333963383334306362363334336638343136396437383465636664326538
32653566323030323030633262333835623537313133363630313563386230373930636564303962
63303066303864636263623435393634363838626463373431313034663039353432633035313831
64333035303863353861613035336364343034393134303835656566326364356231383362313666
64376463663135613866353736663162356439643230346236653962626438393430363037386330
38396263336234353330356562626332383265383230376131393964343663303766346236333839
36663139373131396631396665393436373131663933656134653033303964376566303063313739
64393238316463313331626532656663633666326664376438633663393839333438386564383262
61336336353734356639626131323630383361653334323465353238363161306561663662626339
39346638616363313962356266393762663930616533323136386537363537313362613761353136
66626433626538363361663665653036663366633834363465666337303139356630306631346236
34326563353832316163316464376537633231363535366465666137653465396435643631343062
65363231323738303233663132633832643936333263643437373733353835306533633032666537
33616239663031613061383739383433346162633961373037343632626165376536356463663163
63626136383761613635666437373037376237623634376135663737653232316338333334303036
64343131613436626638626135333735613963623265626539313335366362623761383031323163
33363334376363303635393763666238326561333535396533613038636666316337656664643838
30636334386631646234663363666637353765353739386561336533623161613637383533323838
64613031393138623439346566653564616534363262313038376663323835333264643762346136
37363237366135336331633532393162643139386366336430373563626335346164356535373562
30383963663132323934343765643137303230323539373966643732323465376464666639346535
36663735353163313734626132386337653436626537343063323434356431383432623737343331
31396233343835356365636132316562306561323834666231366130316633626238323466623939
63396666643036623764373538353661616235613034613538333962633138303030613262623865
64326435616664613266326530626235313434663466636631316462323330363031326630373830
36383632386530653064616166303361393136303266313862373735663132656330313664326335
37373161616232616362616333393966353039653862316563306265336664316465303462663163
37363566663131633231666664626330343761313961623464326461653439663737366333626265
32626261633334366335633031616133333431626233663132343736393530353936386139363565
63316331653631653565643331616433626630323765336234633838336330386136323636336666
34303638636565623963313162363135643638633333366365373565616536643065303066396434
63653131313461393665613832326463383839393265666630313232346134313832656164393861
34333935623632653864626630336264356235623734643931666335656630636263383363356538
32643236663735383866663639366233353339396363326230336362336164636631306130663533
66353730316265663464663166616430353539663566373434393834323431626634616330346233
36653739306666343232383939333264633262393631346335646663313136636135393264346235
33336463303132316131366535303838646439373331666261356334343636313466396163653237
31636261616264336638343036376332316130636331356332316261333762333963613632353135
38616362373532363161663137346631643065386561636637316461313732303365373462623933
35616564653533383362626562353064363165633562376537653034393132306165366433326265
35343236313933333863373034353664333262613062396664346666343863646534313032666462
33313835383162353561373764666266323236303866396465353134616531333863623735313266
64306561316665656434383165366263393762623935343165626636663261323964653064393630
66623837356231613164323938613837306531626331396463633330303038343138323438623532
65323864613662633236343235653336613937346263316336633062643061316138353739653831
34366664613936306532356331363162353139363734396263653663333263373235643939336230
31303730323566393663633731396337373137373162303363373831636361336161386630386662
64326464353636346634346435373135626638366464356361346566383530346637346263303630
62383562353731383935326563343434363235623139336363383830303739663465633331366532
63313436613063643633336334653666393333363936356637353439343230663438613163373565
39623833643933396131383336323939306562323632313737626232653931643661616438646564
32653435633165643766623436613762303131383062393533633665643931343537313062303038
39623232643438366435663162353235666433643632383139386264326434323531363532626366
65306563333730386532666439613037643730626465303264333062666265303262303136663937
32643265613065633738343565313932376166636636373563386463623336663239383061666335
33646632636133646166356335656537356537633836353765306139363835373664666634636237
32653736323730353738636435396639363066663532626133633431613632376234376534653065
61366637316134393164313132393735363662613937643034326137383565326662393131326363
64363937383432333766393034323265306632636634616166373561643337333130333462653463
35333732343932373935353764623265356137353534616566373233373633396663626662346335
32656266373535666430303763356230363033333332373231663532393165616138646566336465
66633634323432636566626664633564366464653531663733343965336237373836663638656232
30383662643738323436363935306131646633386637306239633363653862636566373030393433
33616363366139373765636136633539393633663231613235386261666364356364303832383163
36313961613733656463656230386431643165366662316439316635373462393632316261363331
33353161346139646434613063613261396637323738313931666238366535313734613932346637
66356434383362376137393830346561616335363232336330666236666463363131313636316132
39643063333334383536613230633733313630626137313433613264303237626638363765346264
62633136306433376138623733333966666533643939306337653134653737646462643039326330
32616537353866313138336638333661656564663835613335313931306261643137633230353965
65663161373765366336396462623537343837346236656564343066626537666234346366313365
34613532376634376639633165336132623339346132646331383061663631363463343039616430
32386334383366633834326531356236323136613733386437386365393339363833356530653761
64323935616165393863353830663131363038646461663036353266613435636539363937623237
61626462663039623337663831376361633836643262643361626238376465353139316539383638
62363938373962326238343465613530633537373630323333303561646661663635396337316661
65326563386332303730373136313666633237643433633863323164383230306632636530633563
35306538656466653162613939386366313935313030656634333835333037663937666631653634
34333265363264316561636538376432313337383062613330346238316466666133666131666632
36316665303864663833646235343739663234356433313836616434383235633961333937303262
37633835643766383065333262313939306261333565663266343137623266356662333537343736
39333761653731653362336538343539393039373135306361343030653639313762353662336135
34366130383434623262303537313238373630643536623232326264366331623130323237396138
61663335356361376565633566366634393162613865393239373436343032313063356632656436
37613037303137363763326365613064613761383264326332303530623732383064336135653932
36633738323933616466373161303033383439363566633135383231643639356537633030363333
39366563623337363364333361366134373832636239646236356337363238373661313035303933
66396430383631353838616163326631616466613333666338366438356234386630356664313336
39313733313565316538373134343133343362613930666335393932633334366466663162663866
37653331333039333535663162656132393265376462326231636564336430643863646162666264
36336238623230646231363836306430383765363039626661353763363339613334386134323739
61633333666137643063373165373364316265633362356364633438393930626634363238656237
36343537653236626138313736366664623266306331633866373333333361613730653366623335
64666135376439653434386434326463666130653539643964316164363437663863383263643164
39306236663335373365353730623236656261636332313232303331386633356332376563323037
36393164313738313532666436333962653331636536653136363431313036333134636465623264
61373937663839353438616433653430383239356163633739643665303464656139656531393332
65373865343262346566316161666636626232653931356166306265613134383964303364333334
66393433616137336431646337366137326164343936666632323266656435353163626663303166
66363165623339333131613466616531613531383266623064323562393337313533663962353664
34316634373032326135363238323039356534323264316637353737306338663838653437366138
65623863313561646637333032636239306566396464613963363534313634643066303161333161
64323738376135666538326363346162613634393064643830333365666362343866633039363630
34623061666637373030333635396631633739376330373961623861626132343562393133646530
30313361336164613631663961643832343836386631616436333534366535323263326236623430
65663462333238653130346131383439633262323136623336393463333036666238323166373337
66323165656561313831613337343236383330636538303231656364376331653764353735363339
64393633306433613234663861363231633937633134613238383936316564666436316263353439
31376239336666643433363931323237643334633136643136373731346137623564353735343037
34636536333866636339383930346134663661613934393333663936373839306630613335333632
36663731336530623162393134613733623631623833316664616265643138613266343237333736
64363866393539613361393239303533333333373935646139343666303835333132343931303636
39623566653338653230336336326130333530353439326562393339643134613731626431633264
32663033393563303861333539353832323534653230333137303665316232376432656463323837
33373361656236656231363262656662373639626134323339666339376266366238613934333965
61653864623539653766616639386362633439633631613138306564343236386139393133343330
35363936646265663534626162356465386263333939613730666539346436326230373531383761
64643234616637363632343962616265343535313637393938643530663838333535626631323439
36343334626431306336376337666438386230316266623862663734316662633433623033656636
32336632363861316432663064376339306530356166643830653164383836396437343139393039
62323135626635336366633464353163663833666162346362653634636166393064353330626437
66643539633638323032336536333834393336303531303066376235666538303332356137316435
38613261666333626161616365353063643832303862353430313536336131663138623138373633
32336133623435623365376665313330366331386630626564666266383938666363356435636163
33383262636134646463306363336638623635613732376236313530323461346365306463663636
31343330353835393966313830656162366134333837666437363532333464363734313461373862
32366339636562323661396535373233306538353738313133656530323063366266636261663733
3061
