$ANSIBLE_VAULT;1.1;AES256
66363336386566636230663030656130613933353066386235366337653466636634376434376536
6333623932663033383433626130353762613231386535330a333066356139306264393537656535
32386131646239366139663366616263356332363735343965633366623161646335386331656631
6530393939373765310a636231333562396130626661643062373031343462646132343639396435
30306339353934303038633863373832396437646432303136623036363038393835343362373365
38326261356662303661343566366662376136613635323631373238626163343234633537643938
37313665313931376666663038633163393637383532323733656438633433623362643936303732
61303061326330383934396430613365363935653661626535376164653564316631613938626633
62616432396136616165323237323132653637373966363036393462306538333531353863616436
34363631326635386665393334613034373535346463653531623561623030393662643164643337
62656330356464396133323364333237353935333234333462616234313264643965656530636630
35343739626466316263616565626537643334653563323264346337633931636664663066386138
30383133343561393665323264623766346434316433386664343633393939363932383734616536
39396437373165656530303363373335656430663830663537373231626334373464653131303465
35393162303937363163383337343831323462643937356163303334363565616166633634346430
33383164336130633264326434366635613538383336396136373037393937663939313566646131
65663736373362646237663436323232336331303161306136636430316339346364646461613163
63386130656462333462306662396464356538616161623335336533613064326430323332346463
64636630666434646461356261366532353036326363393133663632653532316136346137636530
32306137356462623038633663373762303963376530383033646634356133376535313839303130
62643635313135626436616331383630663230346432653633376463626538313938373931646534
37353863373436356631653031333737366664653739633838353639613766303763303261373462
32653335326331386265613266643735393061393330383938396631373137636639663063663237
34343766626133666535663561396261666531333430616138656434353431383635656635616461
31386337626338353238323736633834633337613165343330666133626437356439396436663539
64616230643830366365663230613062666438333735363665333563643663643134373736313431
35383435626664353334303364356430653532613634363865353361666363633362663535323732
62333934376239393061646538626135313966666337663236323966373039346339333764396563
64303064303562393065353366666662386664393834623565303536663039616636643866336331
62373137373038363164366363303366323466623064306335346633383530656534613262396539
31646464333239343266666333636264363432343932333536323063653565633265353335303539
64376238613965623938633633336138303338633131353965303262356531386666663136336163
35336333323034386336383239326239633538363638386637393735336261343937323465356635
32316666666133306565396237613863346438633934666530383561616531623735626336653137
35626539386131633436363965616535366561626163666434376239366133326233366634396435
64353761653337383936333131643666303534666363393331373261653331356263643539616164
34303166393736613337323534363233366138303835616235653936303731323735646136303833
35386133396636383864646134333935393162366662393131616264303937373461323065333862
33636238613330343664323838313537376137643338396530393831316435643065623834666330
63366136656132613134373436386539353838396365666466306339636262313232326531623831
65656639613531333137613764623538313739333536356534356362346230336639353064313366
64663032393436313366643639656637646139373836383638393938633933633732303064656237
63386266303933393334666231386464643530613531616165643864373034663837656432656137
31643662626339663335633136333437656234383061346537363139363233616264643765346161
6135
