$ANSIBLE_VAULT;1.1;AES256
64613363343635323836323361613665656665356465666338376463616232626330346465383934
6532333137393863343064366137313537373265323531390a386431393765386262633731323761
34613464613431396465666664633736393230623937336134306331383066386363643532376631
3661373530373061390a666537656635303531623333333934623562666430666563613830313335
37633962616438626638386431653464353164353030363832623339336239303439366261396532
30613339646439336336303033613330623339643031633365396665323530343936666231373866
62373831386437333866663130353835313265393036613832306462623337386161613134326339
31393565336264373863616333386134396162366536313939383534613931313565313737346139
30323832643536623035373361363363306662346132363532623634386265653633383731613062
38323631303033653931613633373863623330303937373762396439313830386163323037306631
61613336636362623238643532653439306139653835393931653439653762343766623333616330
38333230313061323737326436393135363263346339613634373835333236303730663331373338
37346162393235366466346536653933333633333765663265656235363231313537343237383137
38336232623739666436323336646534366461646134326130363539643231396166373864376361
34633161646163663136643732626265663538656635663832326163393431666435663732616239
65323061313361366332373536333866613937326236623836613431663764383633323330656238
34393336356461313534643361663131363233333936356135336336613034643866326134653038
31386164353736363137326433323134303535623631336436336435343831613764323966623363
34323634643233373063623562343564633932656337323033616135303861346662653535353734
39616330393364646664353864336431626135313563316139646661316234366662303631303035
32323634323864323235323135613533656434643735663565396139333961303133393539653634
64613263303462643235313962326336386432613234623764643066376231343030663534303136
36666438343038326430323035363332396665616239353134663537393438386462616134356534
35343133343938616266626565633937376663333363653333366166383263396562663731313666
62626434626164383338366561646365316337373431623731306234366236666631346238396466
39636534376665346535633562613162633165373230623832343936386630653233373737656465
65666530336138666561613161303630333933626238663334366137376137343133346465666637
62643633323535623965656466396630333339313663363235636565303135383764323230303339
3963
