$ANSIBLE_VAULT;1.1;AES256
32656465393035313431386363386464663830623936393566653832656337613236303738643134
3666636535616563346630313932366231336436363463650a356338363836393564353138336433
61363239343334626130363239626664396663643165373661663665356666666561373837346263
3237623738313735610a303136336566353864616431363763633739323138316536643263306363
38386230356563373236313262323565366130383238346634303531303866656265653537306461
61393961353662636566366530643765623235616261623639643439626562326538626463373763
30383164323839353131666332383964326632656430623462626462356334373134643638666538
36653963663166626134633535363738306534373165363933383235373461613137363863613134
62363334393666326530383363396238376363356563653833643234663134643162333433616564
61336432303630353034343238616166316163663430303337393566663831356463306335633331
64396661363238643831653634383139663465616564353632666237666537383439383566623461
61343530636132663365366463666133393037306331313635613963396565336164336337333661
39363361393431663033653338633331346636623261383132366433356565623732313833393631
64313339633164386462383833316137353938393431613231663936313963633761643238613661
306262393330306662336664356130393439
