$ANSIBLE_VAULT;1.1;AES256
35653134613664363133333338633030616430636165623865333765366465346430313263356432
6236336638613561333537373562663762316134613139340a373538356433383339323332316239
36316162353835346366353339303563616135383362326261366538656638653863616532313831
6231373637613337360a376130633863313333663335643663333261393431613033643363623034
61646262353630656366623630663837336634336663366535653466363466386135623866393036
30633036353862616532373035636434633834323366653963353465646163663031303262366338
36326433353430666464623531306630393862356333373165656639396264356332373962366362
65626439356261303930306433306266623564343637383534303936373636383734333930373565
36653962363761663966393935363934393030343264636666366233613961383165656338323564
64623930633734353264396536633466386630333363306631653265313566653637356364643466
37343937326561666534333538643231313731633531303132323538373164343138316139666135
63353730633866356134623061363634643935643131356438643838393437653861376434636635
35306364353037656463356436333239393666346563353533356634616663666437
