$ANSIBLE_VAULT;1.1;AES256
35303562356664326434623934633966393262346665663366396339373132636334386262366236
6264663833336338343764383734363639613834323635390a653537333462306636356263626138
66616537306637323830363464383162333031356664383135343866346533396465616162383263
6536343935626534640a396138643563643339363763663463353533383632633435313236366361
32653437323763323336303635346164396530323631326466653364653430663935643039623766
35656533333065313262623562346136366130346366613434346465336531393233643235306436
63366366383833623239613635663766663537336438643964633233373061303738323764383665
61663332346239623839393365313161366162643264333935386162633836383932306536383763
34623465336330333862326239386465313563393966646638356633313464663930333731323563
30363265373765366666636165393432353733643666333939666561336630333663396530633030
65316639613536353830366333366535373331623938303531633135363166616664336563336662
37393233386132613231663230626361323063666330383536333866383835393835346361303862
34353466643364303137333461306331366332393430343634333465626365376630643864663434
36636534666633363236393261666234353436356662313263393432366338653563343331613733
66303637323462346133653333373230616138363264376630303530643666363365613662616531
64633731613635616134343539383830333932663935633866393338313763633435343036373530
35393535643338303134666630323361366439373532353331333339626436396631326438313565
39383930353764313131316532346232303832383363353032313030663534616331636663613937
66663163353138623364636564653534356636356337363237326238653165646533303937356663
31383439363538623861363934343035356562613632313766643936383563373164356133373966
35643561636234346334323239366535346664383732626134323264663762356366343238313062
35363338343261393432336235383236633862623539313333666336376265643065653839646239
39653931616432636136623265623336313332373132386130316166656366363162363466373465
30663638333038376566303731653130623339313465643766353139326532333338653332653432
65323333303361306136616139353439333632393939313834363865636463353063623738616236
32393134303438646532626631656233623862303730653930326663663736643666303861393663
33333333386466623832393430393262316661643564306165333633393231613430613037666134
31323962313939633638313134616536353937376139633463656161306438663234653930353931
32643633366531633665393033356137366437643839633165653039356636313965316533653765
36343164636334393437383534356236656438663637633336353162303864343239356332653566
38666265346263316330333338313932323134663635643237626339306666306466626638386133
30636462636638323863346237383466323239643738303633343936393938633066653961346365
64323463313231326338346238356663613338323563343665323239666135306437353961656338
35396464346236663939306161316433393739396539316466356666323239346266613562653435
35613363373734363464353031346230626162633866316261646136313539363161313734656631
65646537636262313432396566356530333964366365616366613736666232636266383461636636
34363633666637613237656533323261353436666162623035663665623338353431313038303465
63333564366530396161316265343466343162373730346637663832363664646331323762366564
35396233343061303431343761643565373038303839656536306637626239373334346463333839
65636465623339653835356132633735643035353062343963616337363461333163303365386165
65343963343233613132343163356632663737313865356538386464616633313631636262333362
35326137303731303531353461303331616166333633323966653265333962613930383835316639
33333332373563356662616339303538393136376466326236323364633566363032333663316565
32323034306633613738366335623862653137313930646534343236333965336333386362633638
37636330666564396632356333643438333263333838343465323661633338366365393130303539
33376536346165343032383938613465363163623635613034373564646539346238313333333134
38323464333862663932303361636264373961626633663234383932353734633861386533336234
66343237623130366532373835363964633233363932626664633238333537363363376664356130
64313466636138626234316237626162633139646561393438623330636330356633396363656235
37656262356337343165353930336530326333663761643064663166626331386235313135366232
39633934316165313033663330363965336130363664656166653636663362336664383131663365
32663664653335363938663236376338386266303534346465336236656131383733623365353230
37303339323438333539376465313965653138363736313262383233663537353736333035376666
38306462643737333763626633316264663230353631613930663237376430626165633066373666
39366539323439386435323363396164313430636364643936383166376539616161323532643236
63353633316534363566306137663035666338643233643335313430393639656661663732303832
30373330613164636432666364623838326164663830353037633666333139333565386436373133
35343164316439626139666561663337303534323461376432363330633238303663323338356263
64623530626563363665346663333830353465373663613733313931613536356333363065383135
33363035626663373936396665623537663338383034613436633163393732396138613234363666
34376366323962356132663635616337666436656330326666343864623566323430303531373932
66326235323834383736363136623765363031626364326166396538376531376236653736333630
31643561653466326137636135663736333438316539326135643862633461373338656237636264
33626134643962356330343962326562343761306433326239633365313264323834643932316663
37303032313130386663373765366161373735666235613939313435363231633166646134333037
62306164393238336332326665643938626234366437613238356435613837336136313839613362
30306134383162336131303136383537393962306464326236343465646565396166353865363065
38323937313531356632393137383666623235353339656533303537323561333530353535333164
34636364656536656635366461363762623863373537663634396361653462383233613332326638
66636563373234303730346631653137343835323362343533636363373233666664663161623939
37393161373732353463333665666264666433356664643737323230313438663031313132323237
65336134373638626664303939336134616637386139306435613363613963643431643937396664
36346139366439663139303231333562663535363338313030663664393666623538383863343166
32646461383231336234643066346433306564626466353532646332303837646166633230616333
38663631376236343030623636323633643965383536303738346464656336316232313566373539
34306563346537623837613932393630343963643432353961366139373931393561386338353138
39386535333531636665363232643239623366313935366461346330656564356666363138613566
39666236666361626333633138616433343937343165313032633866393665316539306338326266
37353962663734613235393331366534346565313235613732633662313539383466306239383066
31626538343935613162643332383466613363663065656634626638633134336138366336643961
63646461343433333839313232666261313739623264356266363937636532353732633561373036
38613333633630323537313936303865623133643366646263366163633430633862313231313562
65343833383464326532363835373739656466393638303664656538373664343539616531613561
35656137336363363838326633633361366661633462653533353163623030323936653062303435
31383137303963326132353266326635643130366364353334636136636433316430353662306139
62326638613835383039353565303961653666653964353765663736383465613461333137343536
35343961366366663733653337343236353935386230643839616433316564633034386462366533
35313639626239626362383834653762383036353066313761303966306261613535376537376231
31653830653838643563323638666537616366333461333339326436636266653166356639613863
38363661363364363463613964373033376531663864376135323937636135376337636234643234
36646635643934353336333362386363393766626363613133383866636334393237383230613631
62373765373831376336346436373164643561663532346365613736636633623934643130623636
33663463313637313364613536346163356365363430363532376636663034366332343130643237
37623065326134356537653764616337636665373934623232623435333736663638376436653362
33643430323132303334613139306338313063346536343830616262323761656632386165623239
35343931383532376130613837306136396130353062666239383637643530306566663139343364
30663865363563653433663537343335373939656131323430323762613038646637303035306338
36666265376138356633653333313339396138306137393732376136623531336463356137336639
35646633376165303463643962353761363931366532373063653361326264313938336630336536
34336639626534323863613132383232373533626234656139366465666339366635623636393539
39616665336430633961633332653666373665313439363634396635346530303632653432323762
32353237363961633938383661613239623763333964366463663735386264656262643436663064
30653730333537333231653930396133396163336233653138353831666632383262343162633761
66323564616664666137393337353163663865316662653033393532636530356532396234396462
39313234313236303331326532626130646462353339613631326531323263383933383835306430
30393935383663623731306261663232373162313464313961663035616130663733383036343963
35663031666233626431623837313961346136653831343861373665386435306332383533363864
33323863383038663261626139303539343464326330303636323266363062333430313135393763
34333366323130326136343331616565353065656237356334303337613232353530396235613032
63393239363464666130383934613165363262633566663066346639326533656366353534373338
30323165666231323031666630636231346537383762333535333837386531336163633235653337
61396662643564303664386631383536386132616631613639383535363136386433333465383031
64303162343338343332316331393530323431303938633935323865616636663036326166646265
65643236336336336538626461323234383435353133656166626232643032633262356333306331
31646531643531323536313333656162373731316637326162656139623566343465306234393732
32633964656332636231396461326466376364356438386366396466613937633763643638623939
65346363326636383435613164323533643463346436343865666261353862316133386663353938
31303164396466656662653863383138623962626634646531356462623931656335393861643231
39653038303063326631623261643636663763346634653734626661356438366632313965393430
31616362643263373661396432643764613938666261326439623766663536303333666165353339
63346630663961616635343463623161333238356161313533383934386137643464353138363161
34633236646665633431313066303138373564623936646562633831386436303238353731343062
37333232383365336263666161393465366364303734303363346465386433323761383036353234
32386665323561303463613039633063623133303732646562346536386633313731383262323461
38366566383061346631623261663364326664643330646533333463633433616562356238646265
30326632633664303336326265663364306665666335616564653232373834353332306266313561
30636566396339323636633963376136393437656138666231646336323162653133623530303235
32363538646336366666336365633065663736323330616438363839366561343532656235306535
64336165373431353430353038386266376234656534353836326439373034323631633431306536
34363964303538303461643732303837636130656535346539376438396538303263346462333466
32613232356534643163316264356662373437316130303635393834326265643936643332313166
33376437623930653066393635316130343863306562333536623065393036643162613730616163
65336337303530663233363532333333613464306232666239373938303836373336613037373136
32313036633065616139666534613036303034313839383833343864636631373439343564393037
34366363373032373535343038363839333030303538336135303465356632356463633936383935
31346438346661613461653130363735336263656266646566303032623464333537393337366365
31323739653136613363343838646363623932333062386636336137383738393435373463626334
31646233306564336330616664306165643739666432333835343936306437613963653837356333
37653935373961353462316635313961396230393030313838396363613237663465636437333832
39636162666532393061636637323661666463633931303238333631316438383034666533663737
32626463343538333339663939333538613164303738383565626461396237646139633239653232
64343933336336346538633564363833333266383565353034636561633536653266363535396533
66376237633334313336303466326438636136396565353934636331323565343835653832393236
36383263353662383762336433643761666130356661643231336636353861633030343339663866
30346265663834386138393934373162616363326231633266393434653536653564636438653436
37323739353334343637633235666531333466633731366530613133333366663633633536306161
33666431653534316464643430323834303966333663313335643737316634656364373464316265
34383338376663356165333536346237333866643833333031353562383035636461616665613266
65316333313261323165613136656536623333386538653735636135393731663332336532633961
35613562356565346430653731653764646661356532316466336263633764363165313338396333
38373730636666626331383734636465343036653866663137643961626534356464393230303232
34323863363736643865
